image: track1.png
resolution: 0.0040000
origin: [-0.3, -0.6, 0.000000]
negate: 0
occupied_thresh: 0.65
free_thresh: 0.196

